# Created by Octave 4.2.2, Mon Jul 22 14:08:41 2019 CEST <stefan@jocke>
# name: S_latt
# type: matrix
# rows: 9
# columns: 9
 0 0 6 5 0 0 0 0 4
 5 0 9 0 2 4 0 0 6
 0 0 8 7 0 0 2 5 0
 0 6 0 0 0 0 0 8 0
 4 8 0 1 0 3 0 0 0
 0 5 0 2 0 8 6 7 1
 6 0 0 0 0 0 1 0 0
 0 9 0 4 5 1 0 0 7
 0 3 4 0 8 0 0 0 2


# name: S_medel1
# type: matrix
# rows: 9
# columns: 9
 0 9 0 0 0 0 0 5 8
 0 0 1 0 6 0 3 0 0
 4 0 0 9 0 5 0 0 0
 0 0 4 0 0 0 8 3 1
 6 0 0 0 0 8 0 0 0
 8 3 5 0 4 1 0 0 0
 0 0 0 0 3 7 0 8 5
 0 0 0 1 0 0 0 0 0
 3 0 9 4 8 0 6 0 0


# name: S_medel2
# type: matrix
# rows: 9
# columns: 9
 6 0 0 2 0 0 8 0 7
 5 1 0 0 0 7 0 3 0
 8 0 7 0 6 1 0 0 0
 9 2 0 5 0 4 1 0 0
 3 0 0 0 0 0 0 0 8
 0 0 0 1 0 0 2 0 0
 7 0 3 6 0 8 0 0 1
 0 0 5 0 0 3 0 0 0
 0 0 0 0 5 0 0 2 0


# name: S_supersvar
# type: matrix
# rows: 9
# columns: 9
 0 4 0 0 0 0 0 2 0
 7 0 8 0 2 0 1 0 0
 2 0 1 0 6 0 9 0 0
 5 8 0 0 0 0 7 0 9
 0 0 0 0 0 8 0 0 0
 0 0 0 0 0 0 0 0 0
 1 0 2 0 7 0 0 0 5
 9 0 0 0 0 4 0 0 1
 0 0 0 0 0 1 6 0 7


# name: S_svar1
# type: matrix
# rows: 9
# columns: 9
 0 7 0 6 0 8 0 4 0
 0 0 0 0 4 0 9 0 0
 0 0 0 0 5 0 0 0 2
 9 0 0 0 3 0 0 0 6
 0 0 5 8 0 0 7 0 0
 0 0 0 0 0 0 4 9 0
 0 0 0 7 0 0 0 8 9
 0 0 0 0 0 9 0 0 0
 0 0 8 2 0 3 5 7 0


# name: S_svar2
# type: matrix
# rows: 9
# columns: 9
 0 0 0 3 0 0 0 7 4
 0 0 1 0 0 0 0 0 0
 0 0 0 0 2 0 5 0 3
 0 7 2 0 0 5 0 6 0
 0 0 4 0 0 0 0 0 2
 0 0 0 0 0 0 7 0 0
 3 6 0 0 5 0 4 0 8
 4 0 0 0 1 0 0 0 0
 1 0 0 6 3 0 0 0 5


# name: ans
# type: matrix
# rows: 9
# columns: 9
 6 4 3 9 1 7 5 2 8
 7 9 8 4 2 5 1 6 3
 2 5 1 8 6 3 9 7 4
 5 8 6 1 3 2 7 4 9
 4 2 7 5 9 8 3 1 6
 3 1 9 7 4 6 8 5 2
 1 6 2 3 7 9 4 8 5
 9 7 5 6 8 4 2 3 1
 8 3 4 2 5 1 6 9 7


